3276800
204800
409600
409600
1638400
204800
1638400
1638400
1996800
204800
51200
819200
204800
204800
204800
204800
819200
204800
819200
102400
819200
204800
51200
819200
51200
2867200
1638400
204800
1638400
409600
409600
409600
2355200
1792000
204800
819200
102400
819200
204800
51200
204800
4915200
3584000
2304000
819200
819200
51200
819200
102400
819200
1638400
819200
102400
204800
204800
3276800
204800
3584000
204800
1638400
1484800
204800
204800
819200
51200
204800
204800
819200
819200
1638400
819200
3276800
204800
102400
51200
102400
51200
102400
1638400
102400
409600
102400
409600
3584000
204800
972800
51200
204800
204800
819200
204800
204800
204800
51200
204800
204800
819200
204800
204800
204800
51200
819200
3276800
204800
204800
3276800
409600
1638400
1331200
204800
51200
51200
819200
1638400
204800
204800
204800
102400
819200
204800
204800
51200
204800
204800
204800
4915200
204800
204800
1638400
204800
102400
3430400
204800
1638400
819200
819200
1792000
4915200
819200
204800
1638400
102400
409600
51200
409600
409600
2662400
102400
819200
819200
204800
819200
102400
204800
819200
1638400
3276800
204800
1638400
204800
1638400
51200
1638400
2611200
819200
1638400
204800
819200
819200
5222400
204800
3276800
51200
204800
819200
1484800
204800
204800
1638400
204800
819200
204800
102400
204800
1638400
102400
819200
102400
102400
409600
409600
2867200
409600
51200
51200
409600
409600
409600
204800
204800
409600
102400
409600
3225600
102400
819200
1638400
204800
819200
204800
3276800
204800
102400
51200
1638400
51200
409600
819200
51200
102400
51200
102400
409600
1638400
1638400
409600
1945600
204800
102400
819200
51200
819200
51200
819200
204800
2867200
409600
102400
1638400
204800
409600
409600
1638400
1484800
819200
819200
204800
102400
204800
819200
204800
51200
204800
3276800
204800
409600
409600
204800
409600
409600
1638400
409600
1638400
409600
204800
102400
972800
204800
102400
819200
204800
204800
1638400
204800
204800
819200
819200
102400
819200
204800
2867200
1638400
1638400
102400
102400
1638400
1433600
204800
102400
204800
102400
204800
819200
204800
204800
819200
204800
102400
204800
51200
102400
204800
102400
102400
102400
102400
102400
819200
819200
819200
819200
819200
819200
102400
409600
409600
409600
1638400
409600
409600
102400
409600
409600
409600
102400
409600
2099200
51200
819200
819200
819200
204800
409600
307200
204800
409600
102400
409600
1638400
1638400
1638400
204800
307200
102400
819200
204800
51200
819200
102400
51200
1638400
204800
204800
102400
204800
204800
819200
51200
4812800
819200
204800
3276800
102400
1177600
102400
51200
819200
819200
819200
51200
102400
204800
819200
819200
4505600
204800
1638400
2969600
51200
51200
819200
204800
1638400
102400
51200
819200
819200
819200
102400
102400
102400
204800
102400
102400
102400
819200
819200
409600
819200
409600
409600
409600
1638400
409600
409600
204800
1638400
409600
3276800
409600
409600
409600
921600
102400
204800
819200
102400
102400
1638400
1638400
409600
1638400
409600
409600
204800
102400
819200
102400
1792000
1638400
204800
819200
51200
819200
51200
3276800
1638400
3584000
102400
409600
1228800
204800
819200
819200
204800
204800
51200
204800
819200
1638400
204800
204800
51200
3276800
204800
204800
1638400
204800
3276800
409600
1433600
819200
1792000
819200
204800
819200
102400
819200
819200
3276800
102400
409600
51200
409600
1638400
1638400
51200
409600
2662400
204800
204800
819200
204800
204800
51200
51200
204800
204800
102400
1638400
819200
819200
4915200
1638400
51200
3276800
1792000
819200
819200
204800
819200
51200
102400
102400
1638400
3276800
1638400
1638400
204800
1638400
102400
1638400
819200
204800
819200
51200
819200
819200
819200
819200
102400
204800
204800
819200
102400
102400
102400
3276800
409600
1638400
409600
1638400
2867200
204800
204800
204800
204800
819200
819200
102400
1638400
204800
4915200
102400
102400
409600
1638400
409600
1638400
409600
409600
102400
204800
102400
102400
51200
204800
204800
204800
204800
1638400
204800
819200
204800
819200
819200
51200
102400
3276800
1638400
204800
1638400
3430400
204800
819200
1638400
51200
102400
102400
204800
819200
51200
204800
51200
819200
819200
819200
3276800
409600
409600
409600
409600
3276800
204800
409600
409600
409600
204800
51200
102400
51200
204800
102400
819200
819200
102400
204800
204800
204800
204800
819200
819200
204800
51200
819200
3276800
3276800
204800
1638400
2508800
51200
204800
102400
819200
819200
819200
819200
102400
204800
51200
102400
819200
3276800
51200
204800
1638400
204800
51200
204800
1638400
1638400
51200
2508800
1792000
819200
1792000
819200
3276800
204800
51200
1638400
204800
3584000
1382400
819200
204800
204800
819200
51200
102400
1638400
102400
204800
204800
51200
102400
204800
819200
3276800
102400
102400
204800
204800
409600
102400
409600
1638400
409600
1638400
204800
1638400
1894400
819200
102400
204800
204800
819200
819200
819200
102400
51200
102400
819200
819200
204800
4403200
102400
1638400
1638400
1331200
51200
204800
204800
819200
1792000
204800
204800
819200
204800
102400
819200
102400
204800
4915200
51200
409600
51200
102400
3584000
102400
1280000
204800
1792000
819200
819200
51200
102400
204800
204800
102400
819200
51200
819200
5222400
3276800
204800
102400
409600
409600
51200
1075200
204800
819200
102400
51200
819200
51200
819200
1638400
204800
819200
3276800
3276800
1638400
102400
204800
1638400
1638400
51200
819200
102400
102400
819200
102400
102400
819200
819200
204800
819200
102400
3276800
3584000
51200
204800
102400
1638400
409600
2048000
1638400
1638400
204800
51200
51200
204800
204800
819200
51200
204800
51200
51200
819200
819200
102400
819200
819200
51200
409600
1638400
1638400
102400
3020800
819200
102400
102400
51200
819200
102400
819200
51200
204800
204800
819200
102400
51200
1638400
102400
204800
3276800
409600
3276800
3072000
819200
819200
819200
819200
204800
819200
819200
102400
51200
102400
204800
51200
204800
102400
204800
5222400
102400
204800
409600
3276800
409600
409600
870400
819200
102400
102400
102400
51200
819200
204800
102400
204800
204800
204800
51200
204800
819200
204800
819200
102400
3276800
204800
409600
3584000
102400
1638400
204800
409600
307200
51200
51200
819200
819200
204800
102400
102400
204800
204800
819200
819200
1638400
204800
204800
3276800
102400
1638400
1638400
409600
51200
204800
2969600
51200
102400
51200
819200
204800
102400
204800
819200
1638400
1792000
3276800
204800
3584000
204800
409600
409600
102400
1638400
409600
102400
204800
51200
819200
102400
204800
819200
819200
204800
102400
204800
51200
204800
819200
102400
3276800
51200
51200
819200
102400
3276800
51200
204800
3430400
819200
204800
1792000
1638400
51200
204800
204800
51200
819200
819200
3276800
1638400
1638400
3276800
204800
204800
204800
819200
51200
102400
102400
204800
204800
102400
204800
204800
204800
1792000
1638400
204800
204800
819200
2867200
204800
1638400
1638400
1638400
2304000
51200
102400
204800
51200
1638400
819200
819200
204800
4915200
51200
102400
1638400
819200
1638400
51200
204800
102400
204800
204800
1484800
819200
204800
819200
409600
4608000
409600
409600
