1345075
153375
275450
430275
1595775
184700
1352450
1234500
2442500
432125
100625
1485175
341800
310475
280975
433975
1617875
373150
1374575
156125
1131275
435825
101550
375000
86325
1263975
1138650
219725
1632625
378675
347350
317850
2292100
3861775
410000
1522050
174575
1278725
288350
86800
316000
2292100
3861775
3280050
1522050
1396700
79875
1161300
221575
1647375
3058875
1567675
174625
302225
534425
1654750
384200
3087625
323375
1175500
1791675
492950
445950
1426200
88700
295725
448725
1676875
1551525
2867175
1308225
1190250
450550
210525
97400
180100
82650
149675
1079650
211425
393425
188325
332600
2636050
135850
1699000
114900
363925
334450
1212375
273600
426600
397100
91875
336275
306800
1101775
430275
398950
369450
84500
1234500
1109150
432125
200375
2970400
339975
1241875
1123900
433975
101075
93250
1374575
2498525
282825
435825
406325
187475
1735850
402650
373150
85425
312325
369450
339975
2469050
279150
432125
1610525
373150
170875
2732800
280975
3486500
1617875
1499925
3007000
2513275
1131275
437650
1595775
181025
330750
79700
269925
435650
3147350
206375
1330350
1212375
274550
1706375
229900
365775
1345075
2447225
1101775
428450
1595775
367625
1352450
81725
1109150
3765000
1603150
2955650
339975
1286200
1116525
3781125
402650
3007075
94875
335375
1153400
1743225
404475
429375
2749200
314150
1131275
437650
203150
376825
2763950
157975
1146025
219725
204975
189325
174575
1271350
288350
110300
85175
284675
439500
408175
189325
173650
317850
74150
441350
3280050
190225
1404075
2557525
290200
1815925
487475
1529400
352875
174625
76250
1780100
122525
384200
1418825
80800
146925
111700
104325
387900
1426200
1308225
295725
3942400
419225
194850
1433550
82175
297575
66975
1684250
391575
1440925
330750
74800
1079650
212350
393425
363925
1410825
1212375
1098125
1706375
395275
182850
334450
1219750
273600
107075
397100
1470425
338125
306800
277300
215125
400800
369450
1359825
308625
1116525
432125
201300
92800
1367200
310475
140450
1735850
404475
375000
2749200
314150
282825
1750600
1625250
140450
433975
425050
1492550
1374575
1341375
145525
217900
1625250
1499925
345500
169075
284675
219725
408175
1514675
347350
317850
1146025
441350
204975
380525
87250
159825
288350
246650
242350
191150
196750
160750
292050
1780100
415550
384200
1418825
323375
76925
446875
417375
386050
1426200
325225
295725
112150
419225
387900
358400
82175
297575
2144625
105225
391575
360250
330750
74800
134925
211425
196700
362075
83100
301250
1087025
1706375
1581025
182850
334450
152450
1094400
428450
99250
1470425
168125
76650
2203625
430275
398950
184700
338125
308625
279150
108000
3523075
1485175
170875
2483775
140450
1352450
154300
70700
1728475
1603150
1485175
84950
155200
279150
1735850
402650
2985150
171800
1249225
2262600
108925
101550
1499925
362925
2513275
146950
109375
1632625
1507300
1389325
157975
143225
219725
429900
218800
195325
159825
288350
443200
205900
382350
175500
321525
290200
1780100
413700
384200
176400
1293475
293875
1787475
417375
386050
356550
1300850
147825
448725
1676875
193925
179175
1357925
1190250
450550
1684250
389725
407300
330750
149675
1079650
211425
3442450
2896675
357100
1275050
68600
1699000
98775
1455675
1337725
2652175
69275
426600
1588400
367625
1345075
1227125
275450
480825
99700
369450
1352450
3176825
365775
336275
81050
1101775
428450
398950
1470425
338125
2454300
277300
1728475
1603150
3248900
1359825
310475
1116525
219625
1610525
1492550
1367200
156125
280975
108925
418850
1499925
1374575
84500
293900
3501250
408175
376825
1462425
340925
296675
131525
120500
378675
349175
171800
2306825
1765350
1647375
3058875
1404075
80350
2321575
3894025
1654750
1536775
352875
1293475
72975
223425
207750
3088350
1467275
1418825
1175500
448725
1676875
224350
1433550
1308225
297575
1802200
105225
1558900
1440925
1424650
1197625
134450
422925
391575
1448300
165350
150600
135850
1699000
395275
1455675
334450
1212375
2188875
426600
449525
271775
424750
1573650
1455675
166275
2424800
271775
3412775
197600
182850
336275
1219750
275450
1713725
398950
367625
169025
306800
141400
215125
100175
369450
339975
308625
279150
3471750
402650
1542925
379575
1249225
1123900
130175
236800
1499925
1374575
314150
1131275
3829525
406325
1507300
2763950
85175
143225
222100
410000
1514675
97625
343700
74825
1765350
1647375
1522050
1419125
346425
302225
531725
413700
3058875
176400
323375
292050
446875
207750
111500
177325
88700
293875
224350
1669500
1551525
178250
327075
295725
450550
419225
1558900
1583225
328900
78950
1072275
1691625
3132600
181025
1322975
2636050
67875
328900
148750
1072275
1684250
1566275
1440925
165350
299425
67925
212350
1573650
1455675
83100
303100
1087025
426600
98775
182850
1337725
1219750
69275
3748875
3474700
1470425
3119650
1227125
1109150
430275
113675
1477800
188425
2700550
1116525
1728475
402650
371300
1367200
83150
140450
3471750
202225
375000
343650
78500
141375
437650
1625250
1507300
172725
170425
284675
439500
408175
189325
347350
1271350
286525
1765350
210850
1522050
3071500
1385625
151075
443200
413700
1529400
1411450
1286100
152500
133625
234800
1536775
398975
80800
2351075
134975
1669500
1551525
1426200
89325
310475
450550
1676875
3410200
358400
328900
1544150
356550
162575
1211750
224350
419225
3117850
101075
328900
78275
134500
3684375
195775
1449275
363050
2619925
1087025
1691625
114275
205000
332600
318800
137275
1706375
98775
1529700
2926350
2439550
277325
254800
397100
367625
92825
1227125
280100
1721100
199450
92325
1352450
82475
1116525
3457000
402650
1485175
1367200
2483775
1123900
216975
404475
1492550
2749200
78025
1131275
217900
203150
1499925
172725
157975
1138650
1757975
408175
1514675
173650
1271350
2507025
110300
425525
95100
1396700
319700
2306825
3545475
3309550
382350
88175
80350
292050
460950
1662125
96025
398975
80800
76925
537200
321525
145075
445025
413700
96025
352875
1293475
1175500
111700
3339050
1544150
178250
162575
77600
1794850
236700
1551525
101075
357500
313250
1802200
249250
97400
2881925
165350
299425
1079650
422925
3147350
2896675
1330350
1256250
1087025
1699000
395275
1455675
1337725
160750
69275
231550
462575
104600
336275
163525
275450
3765000
199450
369450
338125
2469050
277300
432125
1603150
1485175
169950
161725
142775
129500
1617875
426650
191200
312325
282825
435825
101550
375000
1381950
314150
1138650
218800
1632625
376825
347350
2781200
74150
1809475
204975
380525
349175
86600
74825
1772725
1647375
382350
175500
174625
378675
349175
1271350
1153400
3696925
411850
382350
1404075
174625
1160750
1780100
413700
96025
176400
2587000
76250
223425
103850
1544150
354725
162575
293875
1794850
3353775
3394050
1433550
327075
2611650
542750
421075
448850
203650
1315600
316025
67250
422925
113525
1448300
165350
301250
1087025
1699000
395275
181950
334450
80375
273600
1706375
198525
1463050
84025
76200
1101775
214200
3191575
92325
338125
2700550
1109150
432125
3506950
2970400
84950
310475
279150
108475
1610525
1536850
1367200
1249225
1123900
3492300
476375
375000
385175
1256600
73475
218800
204050
376825
347350
157975
286525
439500
410000
2474775
3501250
406325
376825
345500
1263975
143225
1757975
1640000
1514675
3055375
79425
144150
441350
102925
3124350
1404075
1278725
290200
3545475
121850
110075
1411450
1293475
1168125
134300
245125
193000
354725
325225
1175500
1794850
417375
387900
181350
2861825
310475
450550
