1931725
51425
134150
-20675
42625
20100
285950
403900
-445700
-227325
-49425
-665975
-137000
-105675
-76175
-229175
-798675
-168350
-555375
-53725
-312075
-231025
-50350
444200
-35125
1603225
499750
-14925
5775
30925
62250
91750
63100
-2069775
-205200
-702850
-72175
-459525
-83550
-35600
-111200
2623100
-277775
-976050
-702850
-577500
-28675
-342100
-119175
-828175
-1420475
-748475
-72225
-97425
-329625
1622050
-179400
496375
-118575
462900
-306875
-288150
-241150
-607000
-37500
-90925
-243925
-857675
-732325
-1228775
-489025
2086550
-245750
-108125
-46200
-77700
-31450
-47275
558750
-109025
16175
-85925
77000
947950
68950
-726200
-63700
-159125
-129650
-393175
-68800
-221800
-192300
-40675
-131475
-102000
-282575
-225475
-194150
-164650
-33300
-415300
2167650
-227325
4425
306400
69625
396525
207300
-229175
-49875
-42050
-555375
-860125
-78025
-231025
-201525
-85075
-916650
-197850
-168350
-34225
-107525
-164650
-135175
2446150
-74350
-227325
27875
-168350
-68475
697600
-76175
-1848100
-798675
-680725
-1215000
2401925
-312075
-232850
42625
-78625
78850
-28500
139675
-26050
-484950
-103975
-511150
-393175
-69750
-887175
-127500
-160975
-525875
-808825
2175025
-223650
42625
-162825
285950
-30525
529250
-1153800
-783950
-1317250
-135175
-467000
-297325
1441275
-197850
269725
-43675
-130575
-334200
-258425
-199675
-224575
-1110800
-109350
-312075
-232850
-100750
-172025
-1125550
-55575
-326825
-117325
-102575
220275
235025
1595850
121250
-59100
-33975
124925
-29900
1425
15475
31150
91750
28250
-31750
-54450
-87825
-584875
-919125
-85400
-996725
-282675
1747400
-148075
-72225
-25050
-141700
-71325
25400
-599625
-29600
-44525
-60500
-1925
21700
212200
330175
113875
-1996800
-214425
-92450
-614350
-30975
521625
-15775
-865050
-186775
1426275
78850
27600
558750
-7550
16175
45675
227575
272425
-278925
-887175
-190475
-80450
-129650
-400550
-68800
-55875
-192300
1806375
-133325
102800
132300
-10325
8800
40150
278575
100975
521875
-22525
3500
9600
-394400
-105675
-38050
-916650
-199675
-170200
-1110800
-109350
-78025
-931400
-806050
-38050
385225
-220250
1374650
263825
297025
-43125
-115500
13150
-66325
-140700
-66675
-79875
-117325
-203375
-695475
-142550
-113050
-326825
-236550
-102575
-175725
-36050
-57425
-83550
-144250
-139950
-88750
-94350
-58350
527150
-960900
403650
435000
-599625
495825
25475
-37275
-7775
23550
212200
84375
113875
-9750
-9625
21700
51200
20225
112025
-45425
-54025
427625
458950
488450
130000
274675
95775
8100
47525
19300
108350
551375
-67975
57375
21950
-27250
-50050
-275200
-223650
-48050
-651225
-65725
-25450
-565225
-225475
-194150
-82300
-133325
-103825
540050
-56800
1289725
-665975
33925
793025
-38050
-174850
-51900
-19500
-909275
-783950
-665975
-33750
-52800
-74350
-916650
416550
1520450
33000
389175
707000
-57725
-50350
-680725
-158125
-874875
-44550
-58175
-813425
-688100
-570125
-55575
-40825
-117325
-225100
-116400
-92925
-57425
530850
376000
203700
436850
234100
88075
119400
-141700
-4100
25400
28400
344925
115725
1489325
-7775
23550
53050
-379250
-45425
-243925
-857675
-91525
-76775
280475
448150
-40950
-45850
19875
2300
-125950
-47275
-260450
-109025
-1650450
-1258275
-152300
-455850
-17400
-879800
-47575
1821125
300675
931825
33125
-17000
-359600
-162825
-525875
-407925
-70650
-276025
-48500
-164650
-533250
-1538425
-160975
-131475
-29850
2175025
-223650
-194150
167975
-133325
822500
132300
-294875
-783950
-1456900
-540625
-105675
-297325
-117225
-791325
-673350
1909600
-53725
128625
-57725
-9250
138475
263825
-33300
115700
-838850
-203375
-172025
-643225
-136125
-91875
-80325
-69300
-173875
-144375
-69400
-668425
-946150
-828175
1856325
234325
-29150
955225
-2102025
-835550
-717575
-148075
-474275
-21775
-121025
-105350
-1449950
1809525
219575
462900
-243925
-38475
-121950
204850
-489025
-92775
-983000
-54025
-739700
-621725
-605450
-378425
-32050
-218125
-186775
-629100
-62950
-48200
-33450
1577800
14325
182725
75150
426025
678325
-221800
-244725
-66975
-219950
-754450
-636475
-63875
-786400
-66975
1502425
-95200
-80450
73325
418650
134150
-75325
10650
41975
-66625
-102000
-39000
-112725
-48975
-164650
-135175
-103825
-74350
-1833350
-197850
-723725
-174775
-430025
-304700
-78975
-134400
1776875
263825
-109350
507125
-399125
-201525
-688100
-1125550
-33975
-40825
-119700
-205200
-695475
-46425
-138900
-23625
-946150
-828175
-702850
1857675
63175
107375
-122125
-4100
217925
28400
86225
117550
-37275
-2950
-60300
-74925
-37500
-89075
-121950
-850300
-732325
-75850
-122275
-90925
-245750
-214425
-739700
-764025
-124100
-27750
-253075
1585175
144200
23775
315425
-127250
-16675
-124100
-46350
-253075
-865050
-747075
-621725
-62950
-94625
-16725
-109950
-754450
1821125
-31900
-98300
551375
-221800
-47575
21950
300675
418650
-18075
-1240075
-1682700
-651225
-1327650
-407925
2167650
-225475
-62475
160600
16375
883450
265875
-909275
-197850
-166500
-548000
-31950
-38050
-1833350
-99825
-170200
-138850
-27300
-38975
-232850
-806050
1769500
-70325
-68025
-79875
-234700
1425
-86925
62250
367050
123075
-126950
-6050
116350
-1177100
-566425
-48675
-238400
-208900
-710200
-592250
-466900
-50100
-82425
-132400
-717575
420225
124000
2052125
-32575
-31100
86875
-95000
-38125
-105675
-245750
-857675
-1618200
-153600
-124100
-724950
-151750
-60175
-392550
-121950
-214425
1797350
-49875
80700
-27075
-32100
-100375
-93375
-169275
-158250
-827925
-267825
-872425
-63075
-102600
-127800
-114000
-34875
-887175
-47575
-710500
2296050
837250
-72525
-152400
12500
41975
-41625
-151925
-75300
-901900
-97050
-41125
-533250
-31275
-297325
-1818600
-197850
-665975
1909600
793025
514500
-114575
-199675
145850
-1110800
-26825
-312075
-115500
-100750
-680725
-70325
-55575
-319450
-938775
-203375
-695475
-71250
2005450
1076975
-59100
-220725
7300
241700
89900
-258825
-1907075
-1671150
-177550
-36975
-29150
-87250
-256150
-842925
-44825
-194175
-29600
-25725
282000
497675
-42675
374175
405500
-44825
56725
344925
462900
-9300
-318250
-724950
-75850
-60175
-26400
-975650
-134300
-732325
-49875
-152700
-108450
-983000
-146850
-46200
-1243525
-62950
-94625
2197150
-13325
129450
175325
-511150
-437050
-267825
-879800
-190475
-636475
-518525
-58350
-18075
-129150
-257775
-53400
-131475
-61125
-70650
1457400
-97050
-164650
71475
807750
132300
-22525
-732750
-665975
-67550
-59325
-40375
-78300
-798675
-221850
-88800
-107525
-78025
-231025
-50350
-170200
-562750
-109350
-319450
-116400
1644175
-172025
62250
802800
28250
-171075
-175
29075
-41975
-35400
-23625
-953525
-828175
-177550
-73100
-72225
-173875
-144375
-452150
-334200
-2058525
-207050
-177550
1872725
-72225
477650
-141700
-4100
-44825
28400
382600
-25050
-121025
-52650
-724950
-149925
-60175
-89075
-975650
-1715375
-1602050
1843250
-122275
972350
-337950
-11475
-39250
-101250
322800
93575
35150
-218125
-62325
-629100
-62950
-96450
-267825
-879800
-190475
-79550
-129650
-29175
-68800
-887175
-96125
1813750
-32825
-25000
-282575
-111800
85225
-41125
-133325
729850
-289950
-227325
-1714950
-1332000
-33750
-105675
-74350
-57275
-791325
-717650
1909600
389175
514500
-215500
-271575
-170200
-180375
-437400
-22275
-116400
-101650
-172025
-142550
-55575
-81725
-234700
-205200
-682775
-1862850
-201525
-172025
473700
1603225
61575
-119575
-1600
123725
-751375
-28225
-41750
-236550
-51725
-1485950
-584875
-459525
-85400
1369725
-70650
-7675
226950
-474275
470275
-83100
-40325
-90600
-149925
-120425
309300
-975650
-212575
431300
228250
1746175
99125
-40950
